 <pre>

 Contingency table for Cloud base (m)
 Selection: METCOOP    235 stations
Period: 20240301-20240320
Used {00,06,12,18} + 01 02 ... 12
 Limits    70.0000000       150.000000       300.000000       600.000000       1000.00000       1500.00000       2500.00000       5000.00000    
 Each class is data <= limit, the very last > last limit
 Total number of values      180330
                                                       OBSERVATION
                                   8075     5466     1697      325      151      121      113      123      447 |     16518
                                   3107     4829     2854      546      122      139      118      100      334 |     12149
                                   1783     4985     7039     2366      293      218      201      247      486 |     17618
                                    965     2803     8679    12141     2667      658      436      361     1394 |     30104
                     MNWC_prod      355      694     1935     4569     6956     2109      448      163     1069 |     18298
                                    143      283      613      789     1614     1699      631       81      265 |      6118
                                    121      179      371      576      455      633     1124      375      207 |      4041
                                     92      102      233      358      309      338      739     1716      523 |      4410
                                   1858     2206     3719     4382     4531     2929     3450     5174    42825 |     71074

                    SUM           16499    21547    27140    26052    17098     8844     7260     8340    47550 |    180330
                                                       OBSERVATION
                                   4811     3031     1070      240       91       54       33       22      484 |      9836
                                   2943     3998     1952      299       71       43       19       15      225 |      9565
                                   2322     4780     5346     1617      230       77       61       37      268 |     14738
                                   1693     3422     8083     9383     1799      409      174       79      845 |     25887
                   MNWC2_preop      837     1302     2461     4875     5771     1529      350       63      789 |     17977
                                    579      780     1025     1292     2325     2025      554       84      325 |      8989
                                    426      587      851      941      824      913     1442      499      368 |      6851
                                    255      324      460      593      443      370      854     2102      633 |      6034
                                   2633     3323     5892     6812     5544     3424     3773     5439    43613 |     80453

                    SUM           16499    21547    27140    26052    17098     8844     7260     8340    47550 |    180330

