 <pre>

 Contingency table for Rh2m (%)
 Selection: METCOOP    525 stations
Period: 20240301-20240320
Used {00,06,12,18} + 00 01 ... 12
 Limits    30.0000000       50.0000000       65.0000000       75.0000000       85.0000000       95.0000000       100.000000    
 Each class is data <= limit, the very last > last limit
 Total number of values      526766
                                              OBSERVATION
                                    126       72        8        0        1        0        0        0 |       207
                                   1440     7971     3657      717      219       48        4        0 |     14056
                                    687    12105    27644    11138     4046     1585      196        0 |     57401
                     MNWC_prod       52     2788    20776    27868    15685     6083      778        0 |     74030
                                      5      574     8099    25880    48017    31655     4221        0 |    118451
                                      3       64     1681     9203    37701    90368    32659        0 |    171679
                                      0        1      129      492     3874    22690    63660        0 |     90846
                                      0        0        0        0        0       21       75        0 |        96

                    SUM            2313    23575    61994    75298   109543   152450   101593        0 |    526766
                                              OBSERVATION
                                    151       88       16        0        0        0        0        0 |       255
                                   1284     8358     3935      826      241       91        6        0 |     14741
                                    791    11788    29295    12567     4476     1477      118        0 |     60512
                   MNWC2_preop       78     2661    19782    29973    18400     6564      949        0 |     78407
                                      7      603     7411    23729    50091    36180     5175        0 |    123196
                                      2       74     1450     7815    33361    89682    40402        0 |    172786
                                      0        3      105      388     2974    18450    54904        0 |     76824
                                      0        0        0        0        0        6       39        0 |        45

                    SUM            2313    23575    61994    75298   109543   152450   101593        0 |    526766

