 <pre>

 Contingency table for Low clouds (octas)
 Selection: METCOOP    232 stations
Period: 20240301-20240320
Used {00,06,12,18} + 01 02 ... 12
 Limits    1.00000000       2.00000000       3.00000000       4.00000000       5.00000000       6.00000000       7.00000000    
 Each class is data <= limit, the very last > last limit
 Total number of values      181101
                                              OBSERVATION
                                  51583      922      898      769      741      641     1901     9443 |     66898
                                   1448      171      138      145      160      142      415     1782 |      4401
                                    971      137      122      112      104      112      349     1449 |      3356
                     MNWC_prod      799      106      123       96      102       97      334     1342 |      2999
                                    707      112      131       94      105      109      344     1568 |      3170
                                    666      128      145      119      145      150      415     1968 |      3736
                                    949      218      215      225      159      238      704     3414 |      6122
                                   4960     1991     1892     1964     2030     2449     7647    67486 |     90419

                    SUM           62083     3785     3664     3524     3546     3938    12109    88452 |    181101
                                              OBSERVATION
                                  53856     1295     1180     1048      978      983     2659    13975 |     75974
                                   1433      153      177      171      174      147      476     2675 |      5406
                                    918      130      135      116      124      132      466     2101 |      4122
                   MNWC2_preop      801      129      131      102      127      116      430     2071 |      3907
                                    619      137      134      113      133      133      412     2192 |      3873
                                    606      144      153      134      138      158      483     2585 |      4401
                                    863      201      210      243      234      241      829     4522 |      7343
                                   2987     1596     1544     1597     1638     2028     6354    58331 |     76075

                    SUM           62083     3785     3664     3524     3546     3938    12109    88452 |    181101

