 <pre>

 Contingency table for Visibility (m)
 Selection: METCOOP    268 stations
Period: 20240301-20240320
Used {00,06,12,18} + 00 01 ... 12
 Limits    1000.00000       5000.00000       10000.0000       20000.0000    
 Each class is data <= limit, the very last > last limit
 Total number of values      247966
                                     OBSERVATION
                                   5788     4982     1509      803      926 |     14008
                                   2275     8513     4058     3090     3657 |     21593
                     MNWC_prod     1257     4693     4889     5316    10317 |     26472
                                   1222     3707     4529    10312    47679 |     67449
                                   1808     4650     5999    17302    88685 |    118444

                    SUM           12350    26545    20984    36823   151264 |    247966
                                     OBSERVATION
                                   2973     2466      739      448      792 |      7418
                                   2537     7370     3428     2730     3824 |     19889
                   MNWC2_preop     2129     5607     4623     4403     8552 |     25314
                                   1918     5095     5549    11090    45825 |     69477
                                   2793     6007     6645    18152    92271 |    125868

                    SUM           12350    26545    20984    36823   151264 |    247966

